start points,,,,,end points,,,,,,,0},,,,,0}
0,4.573242,4.573246,6.823752,,0,10.667999,4.574478,6.074254,,,,,,,,,
1,99.971924,69.4944,6.255437,,1,87.782402,69.4944,6.095602,,,,,,,,,
2,99.971924,63.398399,4.477406,,2,99.97316,75.589157,3.558843,,,,,,,,,
3,99.971924,63.398399,4.477406,,3,99.971924,51.206406,6.500338,,,,,,,,,
4,99.971924,63.398399,4.477406,,4,93.878403,75.587921,6.630216,,,,,,,,,
5,99.971924,63.398399,4.477406,,5,93.878403,51.206406,6.077591,,,,,,,,,
6,99.971924,63.398399,4.477406,,6,93.878403,69.4944,5.971172,,,,,,,,,
7,99.971924,57.302399,6.327324,,7,93.878403,45.110405,5.0558,,,,,,,,,
8,99.971924,45.110405,6.861607,,8,99.971924,45.110405,6.861607,,,,,,,,,
9,99.971924,45.110405,6.861607,,9,87.782402,51.206406,5.651536,,,,,,,,,
10,99.971924,39.014404,6.091189,,10,93.878403,51.206406,6.077591,,,,,,,,,
11,99.971924,22.859999,2.901826,,11,99.971924,28.955999,1.791986,,,,,,,,,
12,99.971924,22.859999,2.901826,,12,93.878403,16.763998,1.31988,,,,,,,,,
13,99.971924,16.763998,6.900961,,13,87.782402,22.859999,5.487257,,,,,,,,,
14,99.971924,10.668001,6.417762,,14,99.97316,4.573246,6.818746,,,,,,,,,
15,99.971924,10.668001,6.417762,,15,93.878403,4.574478,6.314417,,,,,,,,,
16,99.971924,10.668001,6.417762,,16,93.878403,16.763998,1.31988,,,,,,,,,
17,93.878403,75.587921,6.630216,,17,93.878403,69.4944,5.971172,,,,,,,,,
18,93.878403,75.587921,6.630216,,18,81.686401,69.4944,6.164639,,,,,,,,,
19,81.686401,75.587921,5.691482,,19,69.4944,75.587921,7.001371,,,,,,,,,
20,81.686401,75.587921,5.691482,,20,75.590401,63.398399,5.320158,,,,,,,,,
21,69.4944,75.587921,7.001371,,21,75.590401,69.4944,3.329384,,,,,,,,,
22,63.398399,75.587921,6.049379,,22,69.4944,75.587921,7.001371,,,,,,,,,
23,63.398399,75.587921,6.049379,,23,51.206398,75.587921,6.886279,,,,,,,,,
24,47.243999,75.587921,6.672749,,24,35.051998,75.587921,7.044729,,,,,,,,,
25,47.243999,75.587921,6.672749,,25,41.147999,63.398399,6.366922,,,,,,,,,
26,41.147999,75.587921,5.69169,,26,41.147999,63.398399,6.366922,,,,,,,,,
27,35.051998,75.587921,7.044729,,27,47.243999,69.4944,5.802458,,,,,,,,,
28,28.955999,75.587921,6.60477,,28,41.147999,75.587921,5.69169,,,,,,,,,
29,28.955999,75.587921,6.60477,,29,28.955999,63.398399,2.117554,,,,,,,,,
30,22.860001,75.587921,6.715372,,30,28.955999,63.398399,2.117554,,,,,,,,,
31,10.667999,75.587921,6.695484,,31,22.860001,75.587921,6.715372,,,,,,,,,
32,4.574478,69.4944,5.917964,,32,4.574478,69.4944,5.917964,,,,,,,,,
33,4.574478,69.4944,5.917964,,33,16.764,69.4944,5.859043,,,,,,,,,
34,4.574478,63.398399,5.426452,,34,10.667999,63.398399,6.168629,,,,,,,,,
35,4.574478,63.398399,5.426452,,35,10.667999,51.206406,2.438403,,,,,,,,,
36,4.574478,63.398399,5.426452,,36,10.667999,57.302399,2.888182,,,,,,,,,
37,4.574478,57.302399,6.607082,,37,10.667999,51.206406,2.438403,,,,,,,,,
38,4.574478,51.206398,3.257824,,38,10.667999,45.110405,5.928615,,,,,,,,,
39,4.574478,51.206398,3.257824,,39,16.764,51.206406,2.275552,,,,,,,,,
40,4.574478,45.110405,6.24716,,40,4.574478,57.302399,6.607082,,,,,,,,,
41,4.574478,35.052002,6.682058,,41,4.574478,39.014404,3.687456,,,,,,,,,
42,4.574478,35.052002,6.682058,,42,4.574478,35.052002,6.682058,,,,,,,,,
43,4.574478,28.955999,2.197267,,43,4.574478,39.014404,3.687456,,,,,,,,,
44,4.574478,28.955999,2.197267,,44,4.574478,35.052002,6.682058,,,,,,,,,
45,4.574478,28.955999,2.197267,,45,10.667999,39.014404,6.397514,,,,,,,,,
46,4.574478,22.859999,5.992579,,46,10.667999,35.052002,5.746987,,,,,,,,,
47,4.574478,16.763998,3.417669,,47,4.574478,10.668001,2.142235,,,,,,,,,
48,4.574478,10.668001,2.142235,,48,10.667999,4.574478,6.074254,,,,,,,,,
49,10.667999,4.574478,6.074254,,49,16.764,10.668001,5.134693,,,,,,,,,
50,16.764,4.574478,6.765057,,50,4.574478,10.668001,2.142235,,,,,,,,,
51,16.764,4.574478,6.765057,,51,10.667999,4.574478,6.074254,,,,,,,,,
52,16.764,4.574478,6.765057,,52,16.764,16.763998,6.155194,,,,,,,,,
53,22.860001,4.574478,6.227376,,53,16.764,4.574478,6.765057,,,,,,,,,
54,22.860001,4.574478,6.227376,,54,16.764,10.668001,5.134693,,,,,,,,,
55,28.955999,4.574478,5.408771,,55,41.147999,4.574478,5.899613,,,,,,,,,
56,28.955999,4.574478,5.408771,,56,22.860001,10.668001,3.536772,,,,,,,,,
57,35.052002,4.574478,2.309488,,57,28.955999,4.574478,5.408771,,,,,,,,,
58,35.052002,4.574478,2.309488,,58,28.955999,16.763998,5.844406,,,,,,,,,
59,41.147999,4.574478,5.899613,,59,28.955999,10.668001,6.293272,,,,,,,,,
60,41.147999,4.574478,5.899613,,60,35.052002,10.668001,3.972995,,,,,,,,,
61,41.147999,4.574478,5.899613,,61,47.243999,16.763998,1.169914,,,,,,,,,
62,51.206402,4.574478,3.304249,,62,51.206402,4.574478,3.304249,,,,,,,,,
63,63.398399,4.574478,5.672953,,63,63.398399,10.668001,5.938671,,,,,,,,,
64,63.398399,4.574478,5.672953,,64,75.590401,10.668001,1.812593,,,,,,,,,
65,69.4944,4.574478,7.099001,,65,81.686401,10.668001,6.160693,,,,,,,,,
66,75.590401,4.574478,2.745647,,66,87.782402,4.574478,7.001022,,,,,,,,,
67,81.686401,4.574478,2.039942,,67,75.590401,10.668001,1.812593,,,,,,,,,
68,81.686401,4.574478,2.039942,,68,87.782402,16.763998,6.250442,,,,,,,,,
69,81.686401,4.574478,2.039942,,69,75.590401,16.763998,6.154438,,,,,,,,,
70,87.782402,4.574478,7.001022,,70,81.686401,16.763998,6.391741,,,,,,,,,
71,87.782402,4.574478,7.001022,,71,87.782402,16.763998,6.250442,,,,,,,,,
72,93.878403,4.574478,6.314417,,72,99.97316,4.573246,6.818746,,,,,,,,,
73,10.667999,10.668001,5.817775,,73,4.574478,22.859999,5.992579,,,,,,,,,
74,10.667999,10.668001,5.817775,,74,4.574478,10.668001,2.142235,,,,,,,,,
75,10.667999,10.668001,5.817775,,75,10.667999,22.859999,5.313757,,,,,,,,,
76,16.764,10.668001,5.134693,,76,28.955999,4.574478,5.408771,,,,,,,,,
77,22.860001,10.668001,3.536772,,77,35.052002,4.574478,2.309488,,,,,,,,,
78,22.860001,10.668001,3.536772,,78,35.052002,16.763998,5.808156,,,,,,,,,
79,28.955999,10.668001,6.293272,,79,22.860001,16.763998,1.395413,,,,,,,,,
80,28.955999,10.668001,6.293272,,80,22.860001,22.859999,6.248976,,,,,,,,,
81,35.052002,10.668001,3.972995,,81,35.052002,22.859999,4.258259,,,,,,,,,
82,41.147999,10.668001,2.734292,,82,47.243999,4.574478,6.699733,,,,,,,,,
83,41.147999,10.668001,2.734292,,83,28.955999,10.668001,6.293272,,,,,,,,,
84,41.147999,10.668001,2.734292,,84,35.052002,10.668001,3.972995,,,,,,,,,
85,41.147999,10.668001,2.734292,,85,51.206402,10.668001,1.807368,,,,,,,,,
86,47.243999,10.668001,3.654751,,86,51.206402,4.574478,3.304249,,,,,,,,,
87,47.243999,10.668001,3.654751,,87,51.206402,10.668001,1.807368,,,,,,,,,
88,51.206402,10.668001,1.807368,,88,57.302399,16.763998,1.918334,,,,,,,,,
89,81.686401,10.668001,6.160693,,89,69.4944,4.574478,7.099001,,,,,,,,,
90,81.686401,10.668001,6.160693,,90,81.686401,4.574478,2.039942,,,,,,,,,
91,81.686401,10.668001,6.160693,,91,75.590401,10.668001,1.812593,,,,,,,,,
92,93.878403,10.668001,6.090898,,92,87.782402,4.574478,7.001022,,,,,,,,,
93,93.878403,10.668001,6.090898,,93,81.686401,16.763998,6.391741,,,,,,,,,
94,57.302399,10.668001,6.339875,,94,69.4944,4.574478,7.099001,,,,,,,,,
95,10.667999,16.763998,2.263813,,95,22.860001,10.668001,3.536772,,,,,,,,,
96,81.686401,16.763998,6.391741,,96,87.782402,22.859999,5.487257,,,,,,,,,
97,69.4944,16.763998,2.699981,,97,69.4944,10.668001,5.854599,,,,,,,,,
98,63.398399,16.763998,6.310097,,98,75.590401,22.859999,4.993737,,,,,,,,,
99,87.782402,16.763998,6.250442,,99,81.686401,4.574478,2.039942,,,,,,,,,
100,87.782402,16.763998,6.250442,,100,75.590401,10.668001,1.812593,,,,,,,,,
101,87.782402,16.763998,6.250442,,101,81.686401,16.763998,6.391741,,,,,,,,,
102,75.590401,16.763998,6.154438,,102,81.686401,10.668001,6.160693,,,,,,,,,
103,93.878403,16.763998,1.31988,,103,87.782402,16.763998,6.250442,,,,,,,,,
104,93.878403,16.763998,1.31988,,104,93.878403,22.859999,6.024047,,,,,,,,,
105,57.302399,16.763998,1.918334,,105,47.243999,16.763998,1.169914,,,,,,,,,
106,57.302399,16.763998,1.918334,,106,57.302399,22.859999,6.563632,,,,,,,,,
107,57.302399,16.763998,1.918334,,107,47.243999,22.859999,1.366481,,,,,,,,,
108,51.206402,16.763998,3.020034,,108,51.206402,10.668001,1.807368,,,,,,,,,
109,51.206402,16.763998,3.020034,,109,63.398399,16.763998,6.310097,,,,,,,,,
110,51.206402,16.763998,3.020034,,110,51.206402,22.859999,3.014533,,,,,,,,,
111,51.206402,16.763998,3.020034,,111,47.243999,28.955999,6.297349,,,,,,,,,
112,47.243999,16.763998,1.169914,,112,47.243999,4.574478,6.699733,,,,,,,,,
113,47.243999,16.763998,1.169914,,113,51.206402,4.574478,3.304249,,,,,,,,,
114,47.243999,16.763998,1.169914,,114,57.302399,10.668001,6.339875,,,,,,,,,
115,47.243999,16.763998,1.169914,,115,51.206402,28.955999,5.972744,,,,,,,,,
116,35.052002,16.763998,5.808156,,116,28.955999,22.859999,5.728968,,,,,,,,,
117,16.764,16.763998,6.155194,,117,16.764,10.668001,5.134693,,,,,,,,,
118,16.764,16.763998,6.155194,,118,10.667999,16.763998,2.263813,,,,,,,,,
119,41.147999,16.763998,1.541906,,119,51.206402,10.668001,1.807368,,,,,,,,,
120,41.147999,16.763998,1.541906,,120,47.243999,16.763998,1.169914,,,,,,,,,
121,41.147999,16.763998,1.541906,,121,41.147999,22.859999,3.895162,,,,,,,,,
122,28.955999,16.763998,5.844406,,122,22.860001,4.574478,6.227376,,,,,,,,,
123,28.955999,16.763998,5.844406,,123,28.955999,16.763998,5.844406,,,,,,,,,
124,28.955999,16.763998,5.844406,,124,28.955999,22.859999,5.728968,,,,,,,,,
125,35.052002,22.859999,4.258259,,125,35.052002,10.668001,3.972995,,,,,,,,,
126,35.052002,22.859999,4.258259,,126,22.860001,16.763998,1.395413,,,,,,,,,
127,22.860001,22.859999,6.248976,,127,35.052002,22.859999,4.258259,,,,,,,,,
128,22.860001,22.859999,6.248976,,128,28.955999,22.859999,5.728968,,,,,,,,,
129,28.955999,22.859999,5.728968,,129,22.860001,28.955999,1.562959,,,,,,,,,
130,69.4944,22.859999,4.871814,,130,69.4944,16.763998,2.699981,,,,,,,,,
131,16.764,22.859999,6.589348,,131,10.667999,10.668001,5.817775,,,,,,,,,
132,16.764,22.859999,6.589348,,132,22.860001,22.859999,6.248976,,,,,,,,,
133,41.147999,22.859999,3.895162,,133,35.052002,16.763998,5.808156,,,,,,,,,
134,51.206402,22.859999,3.014533,,134,57.302399,16.763998,1.918334,,,,,,,,,
135,51.206402,22.859999,3.014533,,135,41.147999,16.763998,1.541906,,,,,,,,,
136,51.206402,22.859999,3.014533,,136,41.147999,22.859999,3.895162,,,,,,,,,
137,57.302399,22.859999,6.563632,,137,63.398399,10.668001,5.938671,,,,,,,,,
138,57.302399,22.859999,6.563632,,138,47.243999,22.859999,1.366481,,,,,,,,,
139,57.302399,22.859999,6.563632,,139,63.398399,28.955999,3.420376,,,,,,,,,
140,87.782402,22.859999,5.487257,,140,87.782402,22.859999,5.487257,,,,,,,,,
141,87.782402,22.859999,5.487257,,141,93.878403,28.955999,5.886377,,,,,,,,,
142,81.686401,22.859999,5.326034,,142,87.782402,35.052002,4.555945,,,,,,,,,
143,63.398399,22.859999,1.759273,,143,63.398399,10.668001,5.938671,,,,,,,,,
144,63.398399,22.859999,1.759273,,144,57.302399,10.668001,6.339875,,,,,,,,,
145,63.398399,22.859999,1.759273,,145,57.302399,28.955999,5.779631,,,,,,,,,
146,63.398399,22.859999,1.759273,,146,69.4944,35.052002,6.235416,,,,,,,,,
147,10.667999,22.859999,5.313757,,147,4.574478,22.859999,5.992579,,,,,,,,,
148,10.667999,22.859999,5.313757,,148,10.667999,10.668001,5.817775,,,,,,,,,
149,10.667999,22.859999,5.313757,,149,16.764,28.955999,3.241167,,,,,,,,,
150,10.667999,22.859999,5.313757,,150,22.860001,28.955999,1.562959,,,,,,,,,
151,28.955999,28.955999,4.458503,,151,22.860001,22.859999,6.248976,,,,,,,,,
152,35.052002,28.955999,5.515052,,152,47.243999,22.859999,1.366481,,,,,,,,,
153,35.052002,28.955999,5.515052,,153,47.243999,35.052002,5.511322,,,,,,,,,
154,35.052002,28.955999,5.515052,,154,22.860001,35.052002,6.319271,,,,,,,,,
155,16.764,28.955999,3.241167,,155,16.764,22.859999,6.589348,,,,,,,,,
156,41.147999,28.955999,6.421212,,156,41.147999,16.763998,1.541906,,,,,,,,,
157,41.147999,28.955999,6.421212,,157,41.147999,22.859999,3.895162,,,,,,,,,
158,41.147999,28.955999,6.421212,,158,51.206402,22.859999,3.014533,,,,,,,,,
159,41.147999,28.955999,6.421212,,159,28.955999,28.955999,4.458503,,,,,,,,,
160,41.147999,28.955999,6.421212,,160,41.147999,35.052002,2.966291,,,,,,,,,
161,69.4944,28.955999,5.493318,,161,81.686401,28.955999,5.124983,,,,,,,,,
162,10.667999,28.955999,6.143247,,162,4.574478,35.052002,6.682058,,,,,,,,,
163,10.667999,28.955999,6.143247,,163,16.764,16.763998,6.155194,,,,,,,,,
164,10.667999,28.955999,6.143247,,164,22.860001,22.859999,6.248976,,,,,,,,,
165,10.667999,28.955999,6.143247,,165,16.764,28.955999,3.241167,,,,,,,,,
166,10.667999,28.955999,6.143247,,166,22.860001,28.955999,1.562959,,,,,,,,,
167,10.667999,28.955999,6.143247,,167,16.764,35.052002,2.324008,,,,,,,,,
168,75.590401,28.955999,4.930869,,168,69.4944,16.763998,2.699981,,,,,,,,,
169,75.590401,28.955999,4.930869,,169,87.782402,22.859999,5.487257,,,,,,,,,
170,75.590401,28.955999,4.930869,,170,63.398399,35.052002,5.700687,,,,,,,,,
171,75.590401,28.955999,4.930869,,171,69.4944,39.014404,6.192476,,,,,,,,,
172,93.878403,28.955999,5.886377,,172,99.971924,35.052002,6.890785,,,,,,,,,
173,93.878403,28.955999,5.886377,,173,81.686401,35.052002,5.152637,,,,,,,,,
174,57.302399,28.955999,5.779631,,174,51.206402,16.763998,3.020034,,,,,,,,,
175,57.302399,28.955999,5.779631,,175,69.4944,35.052002,6.235416,,,,,,,,,
176,57.302399,28.955999,5.779631,,176,47.243999,35.052002,5.511322,,,,,,,,,
177,57.302399,28.955999,5.779631,,177,57.302399,39.014404,2.454299,,,,,,,,,
178,81.686401,28.955999,5.124983,,178,81.686401,22.859999,5.326034,,,,,,,,,
179,51.206402,28.955999,5.972744,,179,63.398399,22.859999,1.759273,,,,,,,,,
180,51.206402,28.955999,5.972744,,180,51.206402,28.955999,5.972744,,,,,,,,,
181,51.206402,28.955999,5.972744,,181,41.147999,35.052002,2.966291,,,,,,,,,
182,47.243999,28.955999,6.297349,,182,41.147999,16.763998,1.541906,,,,,,,,,
183,47.243999,28.955999,6.297349,,183,35.052002,28.955999,5.515052,,,,,,,,,
184,47.243999,28.955999,6.297349,,184,41.147999,35.052002,2.966291,,,,,,,,,
185,69.4944,35.052002,6.235416,,185,81.686401,28.955999,5.124983,,,,,,,,,
186,69.4944,35.052002,6.235416,,186,81.686401,35.052002,5.152637,,,,,,,,,
187,35.052002,35.052002,6.217366,,187,47.243999,39.014404,6.193811,,,,,,,,,
188,93.878403,35.052002,1.680787,,188,93.878403,35.052002,1.680787,,,,,,,,,
189,41.147999,35.052002,2.966291,,189,51.206402,39.014404,5.856182,,,,,,,,,
190,81.686401,35.052002,5.152637,,190,69.4944,28.955999,5.493318,,,,,,,,,
191,81.686401,35.052002,5.152637,,191,81.686401,28.955999,5.124983,,,,,,,,,
192,81.686401,35.052002,5.152637,,192,87.782402,35.052002,4.555945,,,,,,,,,
193,28.955999,35.052002,5.866084,,193,16.764,35.052002,2.324008,,,,,,,,,
194,28.955999,35.052002,5.866084,,194,35.052002,45.110405,3.51151,,,,,,,,,
195,47.243999,35.052002,5.511322,,195,57.302399,28.955999,5.779631,,,,,,,,,
196,47.243999,35.052002,5.511322,,196,51.206402,35.052002,5.473734,,,,,,,,,
197,87.782402,35.052002,4.555945,,197,93.878403,28.955999,5.886377,,,,,,,,,
198,16.764,35.052002,2.324008,,198,16.764,22.859999,6.589348,,,,,,,,,
199,10.667999,35.052002,5.746987,,199,4.574478,45.110405,6.24716,,,,,,,,,
200,10.667999,35.052002,5.746987,,200,4.574478,39.014404,3.687456,,,,,,,,,
201,10.667999,35.052002,5.746987,,201,22.860001,35.052002,6.319271,,,,,,,,,
202,63.398399,35.052002,5.700687,,202,57.302399,35.052002,6.292636,,,,,,,,,
203,22.860001,35.052002,6.319271,,203,16.764,28.955999,3.241167,,,,,,,,,
204,75.590401,35.052002,4.679482,,204,75.590401,28.955999,4.930869,,,,,,,,,
205,75.590401,35.052002,4.679482,,205,87.782402,39.014404,1.944957,,,,,,,,,
206,51.206402,35.052002,5.473734,,206,63.398399,28.955999,3.420376,,,,,,,,,
207,51.206402,35.052002,5.473734,,207,51.206402,35.052002,5.473734,,,,,,,,,
208,57.302399,35.052002,6.292636,,208,63.398399,35.052002,5.700687,,,,,,,,,
209,57.302399,35.052002,6.292636,,209,63.398399,45.110405,6.330971,,,,,,,,,
210,93.878403,57.302399,2.84381,,210,93.878403,51.206406,6.077591,,,,,,,,,
211,41.147999,57.302399,6.082874,,211,41.147999,63.398399,6.366922,,,,,,,,,
212,41.147999,57.302399,6.082874,,212,51.206402,57.302399,4.68554,,,,,,,,,
213,10.667999,39.014404,6.397514,,213,4.574478,28.955999,2.197267,,,,,,,,,
214,10.667999,39.014404,6.397514,,214,10.667999,39.014404,6.397514,,,,,,,,,
215,10.667999,39.014404,6.397514,,215,16.764,45.110405,6.17647,,,,,,,,,
216,35.052002,63.398399,6.086663,,216,35.051998,75.587921,7.044729,,,,,,,,,
217,35.052002,63.398399,6.086663,,217,28.955999,63.398399,2.117554,,,,,,,,,
218,35.052002,63.398399,6.086663,,218,35.052002,57.302399,6.277744,,,,,,,,,
219,35.052002,63.398399,6.086663,,219,47.243999,57.302399,6.125418,,,,,,,,,
220,10.667999,63.398399,6.168629,,220,16.764,63.398399,6.236073,,,,,,,,,
221,63.398399,63.398399,6.342468,,221,63.398399,57.302399,6.054049,,,,,,,,,
222,87.782402,63.398399,5.197413,,222,81.686401,69.4944,6.164639,,,,,,,,,
223,16.764,63.398399,6.236073,,223,4.574478,57.302399,6.607082,,,,,,,,,
224,16.764,63.398399,6.236073,,224,16.764,63.398399,6.236073,,,,,,,,,
225,16.764,63.398399,6.236073,,225,16.764,57.302399,6.30004,,,,,,,,,
226,16.764,63.398399,6.236073,,226,10.667999,69.4944,2.381604,,,,,,,,,
227,47.243999,63.398399,6.443247,,227,47.243999,69.4944,5.802458,,,,,,,,,
228,28.955999,63.398399,2.117554,,228,22.860001,75.587921,6.715372,,,,,,,,,
229,28.955999,63.398399,2.117554,,229,16.764,57.302399,6.30004,,,,,,,,,
230,41.147999,63.398399,6.366922,,230,41.147999,75.587921,5.69169,,,,,,,,,
231,41.147999,63.398399,6.366922,,231,35.052002,69.4944,2.234221,,,,,,,,,
232,57.302399,63.398399,5.313223,,232,51.206398,75.587921,6.886279,,,,,,,,,
233,57.302399,63.398399,5.313223,,233,47.243999,57.302399,6.125418,,,,,,,,,
234,57.302399,63.398399,5.313223,,234,57.302399,69.4944,4.314365,,,,,,,,,
235,57.302399,63.398399,5.313223,,235,63.398399,69.4944,5.102871,,,,,,,,,
236,93.878403,63.398399,5.63137,,236,81.686401,57.302399,6.449282,,,,,,,,,
237,69.4944,63.398399,5.650265,,237,75.590401,75.587921,4.94944,,,,,,,,,
238,69.4944,63.398399,5.650265,,238,69.4944,63.398399,5.650265,,,,,,,,,
239,69.4944,63.398399,5.650265,,239,69.4944,57.302399,5.480013,,,,,,,,,
240,69.4944,63.398399,5.650265,,240,63.398399,57.302399,6.054049,,,,,,,,,
241,28.955999,57.302399,2.712006,,241,22.860001,63.398399,6.381164,,,,,,,,,
242,35.052002,57.302399,6.277744,,242,28.955999,63.398399,2.117554,,,,,,,,,
243,35.052002,57.302399,6.277744,,243,35.052002,51.206406,5.852973,,,,,,,,,
244,22.860001,57.302399,1.370453,,244,35.052002,63.398399,6.086663,,,,,,,,,
245,22.860001,57.302399,1.370453,,245,22.860001,57.302399,1.370453,,,,,,,,,
246,22.860001,57.302399,1.370453,,246,22.860001,63.398399,6.381164,,,,,,,,,
247,22.860001,57.302399,1.370453,,247,16.764,45.110405,6.17647,,,,,,,,,
248,22.860001,57.302399,1.370453,,248,10.667999,57.302399,2.888182,,,,,,,,,
249,16.764,57.302399,6.30004,,249,22.860001,57.302399,1.370453,,,,,,,,,
250,16.764,57.302399,6.30004,,250,10.667999,69.4944,2.381604,,,,,,,,,
251,75.590401,63.398399,5.320158,,251,81.686401,75.587921,5.691482,,,,,,,,,
252,75.590401,63.398399,5.320158,,252,69.4944,63.398399,5.650265,,,,,,,,,
253,75.590401,63.398399,5.320158,,253,81.686401,57.302399,6.449282,,,,,,,,,
254,75.590401,63.398399,5.320158,,254,69.4944,51.206406,6.254215,,,,,,,,,
255,22.860001,63.398399,6.381164,,255,35.052002,57.302399,6.277744,,,,,,,,,
256,57.302399,57.302399,3.340938,,256,57.302399,63.398399,5.313223,,,,,,,,,
257,57.302399,57.302399,3.340938,,257,51.206402,45.110405,1.710395,,,,,,,,,
258,81.686401,57.302399,6.449282,,258,93.878403,57.302399,2.84381,,,,,,,,,
259,87.782402,57.302399,6.214018,,259,81.686401,63.398399,4.785599,,,,,,,,,
260,87.782402,57.302399,6.214018,,260,75.590401,57.302399,6.285993,,,,,,,,,
261,47.243999,57.302399,6.125418,,261,41.147999,63.398399,6.366922,,,,,,,,,
262,47.243999,57.302399,6.125418,,262,57.302399,63.398399,5.313223,,,,,,,,,
263,47.243999,57.302399,6.125418,,263,57.302399,57.302399,3.340938,,,,,,,,,
264,47.243999,57.302399,6.125418,,264,51.206402,57.302399,4.68554,,,,,,,,,
265,47.243999,57.302399,6.125418,,265,51.206402,45.110405,1.710395,,,,,,,,,
266,47.243999,57.302399,6.125418,,266,51.206402,51.206406,6.260052,,,,,,,,,
267,69.4944,39.014404,6.192476,,267,75.590401,28.955999,4.930869,,,,,,,,,
268,69.4944,39.014404,6.192476,,268,81.686401,39.014404,6.306158,,,,,,,,,
269,63.398399,39.014404,6.136467,,269,69.4944,35.052002,6.235416,,,,,,,,,
270,63.398399,39.014404,6.136467,,270,75.590401,45.110405,2.316606,,,,,,,,,
271,63.398399,39.014404,6.136467,,271,57.302399,51.206406,1.530686,,,,,,,,,
272,81.686401,39.014404,6.306158,,272,69.4944,35.052002,6.235416,,,,,,,,,
273,81.686401,39.014404,6.306158,,273,81.686401,35.052002,5.152637,,,,,,,,,
274,81.686401,39.014404,6.306158,,274,87.782402,35.052002,4.555945,,,,,,,,,
275,81.686401,39.014404,6.306158,,275,75.590401,51.206406,3.99915,,,,,,,,,
276,87.782402,39.014404,1.944957,,276,81.686401,28.955999,5.124983,,,,,,,,,
277,75.590401,39.014404,6.037912,,277,81.686401,45.110405,6.147466,,,,,,,,,
278,75.590401,39.014404,6.037912,,278,69.4944,45.110405,6.456127,,,,,,,,,
279,93.878403,39.014404,5.352018,,279,93.878403,51.206406,6.077591,,,,,,,,,
280,57.302399,39.014404,2.454299,,280,47.243999,39.014404,6.193811,,,,,,,,,
281,57.302399,39.014404,2.454299,,281,51.206402,45.110405,1.710395,,,,,,,,,
282,51.206402,39.014404,5.856182,,282,63.398399,39.014404,6.136467,,,,,,,,,
283,51.206402,39.014404,5.856182,,283,57.302399,39.014404,2.454299,,,,,,,,,
284,47.243999,39.014404,6.193811,,284,57.302399,39.014404,2.454299,,,,,,,,,
285,47.243999,39.014404,6.193811,,285,47.243999,39.014404,6.193811,,,,,,,,,
286,47.243999,39.014404,6.193811,,286,51.206402,51.206406,6.260052,,,,,,,,,
287,35.052002,39.014404,4.721725,,287,41.147999,35.052002,2.966291,,,,,,,,,
288,16.764,39.014404,6.371049,,288,4.574478,39.014404,3.687456,,,,,,,,,
289,16.764,39.014404,6.371049,,289,10.667999,51.206406,2.438403,,,,,,,,,
290,41.147999,39.014404,6.158748,,290,47.243999,28.955999,6.297349,,,,,,,,,
291,41.147999,39.014404,6.158748,,291,41.147999,35.052002,2.966291,,,,,,,,,
292,41.147999,39.014404,6.158748,,292,47.243999,51.206406,2.945492,,,,,,,,,
293,28.955999,39.014404,5.992116,,293,35.052002,28.955999,5.515052,,,,,,,,,
294,28.955999,39.014404,5.992116,,294,16.764,39.014404,6.371049,,,,,,,,,
295,22.860001,39.014404,1.663387,,295,28.955999,39.014404,5.992116,,,,,,,,,
296,81.686401,45.110405,6.147466,,296,87.782402,35.052002,4.555945,,,,,,,,,
297,81.686401,45.110405,6.147466,,297,75.590401,35.052002,4.679482,,,,,,,,,
298,81.686401,45.110405,6.147466,,298,87.782402,39.014404,1.944957,,,,,,,,,
299,81.686401,45.110405,6.147466,,299,69.4944,51.206406,6.254215,,,,,,,,,
300,69.4944,45.110405,6.456127,,300,69.4944,35.052002,6.235416,,,,,,,,,
301,69.4944,45.110405,6.456127,,301,75.590401,51.206406,3.99915,,,,,,,,,
302,63.398399,45.110405,6.330971,,302,63.398399,35.052002,5.700687,,,,,,,,,
303,63.398399,45.110405,6.330971,,303,69.4944,57.302399,5.480013,,,,,,,,,
304,87.782402,45.110405,4.109612,,304,87.782402,39.014404,1.944957,,,,,,,,,
305,87.782402,45.110405,4.109612,,305,75.590401,45.110405,2.316606,,,,,,,,,
306,75.590401,45.110405,2.316606,,306,87.782402,39.014404,1.944957,,,,,,,,,
307,75.590401,45.110405,2.316606,,307,75.590401,57.302399,6.285993,,,,,,,,,
308,75.590401,45.110405,2.316606,,308,69.4944,51.206406,6.254215,,,,,,,,,
309,57.302399,45.110405,2.271954,,309,57.302399,39.014404,2.454299,,,,,,,,,
310,51.206402,45.110405,1.710395,,310,47.243999,45.110405,5.865539,,,,,,,,,
311,51.206402,45.110405,1.710395,,311,41.147999,51.206406,5.788898,,,,,,,,,
312,47.243999,45.110405,5.865539,,312,47.243999,39.014404,6.193811,,,,,,,,,
313,47.243999,45.110405,5.865539,,313,57.302399,45.110405,2.271954,,,,,,,,,
314,47.243999,45.110405,5.865539,,314,51.206402,51.206406,6.260052,,,,,,,,,
315,35.052002,45.110405,3.51151,,315,41.147999,57.302399,6.082874,,,,,,,,,
316,35.052002,45.110405,3.51151,,316,35.052002,39.014404,4.721725,,,,,,,,,
317,35.052002,45.110405,3.51151,,317,35.052002,45.110405,3.51151,,,,,,,,,
318,16.764,45.110405,6.17647,,318,4.574478,51.206398,3.257824,,,,,,,,,
319,41.147999,45.110405,2.674701,,319,41.147999,57.302399,6.082874,,,,,,,,,
320,41.147999,45.110405,2.674701,,320,35.052002,45.110405,3.51151,,,,,,,,,
321,28.955999,45.110405,5.538329,,321,16.764,45.110405,6.17647,,,,,,,,,
322,22.860001,45.110405,5.908772,,322,10.667999,45.110405,5.928615,,,,,,,,,
323,22.860001,45.110405,5.908772,,323,22.860001,51.206406,2.535839,,,,,,,,,
324,10.667999,51.206406,2.438403,,324,4.574478,57.302399,6.607082,,,,,,,,,
325,87.782402,51.206406,5.651536,,325,93.878403,57.302399,2.84381,,,,,,,,,
326,87.782402,51.206406,5.651536,,326,87.782402,39.014404,1.944957,,,,,,,,,
327,87.782402,51.206406,5.651536,,327,93.878403,39.014404,5.352018,,,,,,,,,
328,87.782402,51.206406,5.651536,,328,75.590401,45.110405,2.316606,,,,,,,,,
329,87.782402,51.206406,5.651536,,329,87.782402,51.206406,5.651536,,,,,,,,,
330,75.590401,57.302399,6.285993,,330,69.4944,45.110405,6.456127,,,,,,,,,
331,75.590401,57.302399,6.285993,,331,69.4944,69.4944,1.781112,,,,,,,,,
332,75.590401,57.302399,6.285993,,332,81.686401,69.4944,6.164639,,,,,,,,,
333,63.398399,51.206406,2.086586,,333,63.398399,39.014404,6.136467,,,,,,,,,
334,63.398399,51.206406,2.086586,,334,51.206402,45.110405,1.710395,,,,,,,,,
335,63.398399,51.206406,2.086586,,335,63.398399,57.302399,6.054049,,,,,,,,,
336,63.398399,51.206406,2.086586,,336,75.590401,51.206406,3.99915,,,,,,,,,
337,41.147999,51.206406,5.788898,,337,35.052002,63.398399,6.086663,,,,,,,,,
338,41.147999,51.206406,5.788898,,338,41.147999,63.398399,6.366922,,,,,,,,,
339,41.147999,51.206406,5.788898,,339,47.243999,45.110405,5.865539,,,,,,,,,
340,41.147999,51.206406,5.788898,,340,35.052002,51.206406,5.852973,,,,,,,,,
341,69.4944,51.206406,6.254215,,341,69.4944,39.014404,6.192476,,,,,,,,,
342,93.878403,51.206406,6.077591,,342,99.971924,39.014404,6.091189,,,,,,,,,
343,93.878403,51.206406,6.077591,,343,93.878403,63.398399,5.63137,,,,,,,,,
344,16.764,51.206406,2.275552,,344,4.574478,45.110405,6.24716,,,,,,,,,
345,16.764,51.206406,2.275552,,345,28.955999,57.302399,2.712006,,,,,,,,,
346,16.764,51.206406,2.275552,,346,22.860001,57.302399,1.370453,,,,,,,,,
347,16.764,51.206406,2.275552,,347,16.764,39.014404,6.371049,,,,,,,,,
348,16.764,51.206406,2.275552,,348,10.667999,51.206406,2.438403,,,,,,,,,
349,28.955999,51.206406,1.806839,,349,35.052002,57.302399,6.277744,,,,,,,,,
350,28.955999,51.206406,1.806839,,350,22.860001,57.302399,1.370453,,,,,,,,,
351,22.860001,51.206406,2.535839,,351,16.764,39.014404,6.371049,,,,,,,,,
352,69.4944,57.302399,5.480013,,352,81.686401,57.302399,6.449282,,,,,,,,,
353,69.4944,57.302399,5.480013,,353,69.4944,45.110405,6.456127,,,,,,,,,
354,69.4944,57.302399,5.480013,,354,75.590401,69.4944,3.329384,,,,,,,,,
355,57.302399,51.206406,1.530686,,355,47.243999,57.302399,6.125418,,,,,,,,,
356,57.302399,51.206406,1.530686,,356,63.398399,51.206406,2.086586,,,,,,,,,
357,51.206402,63.398399,5.290397,,357,57.302399,51.206406,1.530686,,,,,,,,,
358,51.206402,63.398399,5.290397,,358,51.206402,63.398399,5.290397,,,,,,,,,
359,63.398399,57.302399,6.054049,,359,69.4944,63.398399,5.650265,,,,,,,,,
360,63.398399,57.302399,6.054049,,360,69.4944,51.206406,6.254215,,,,,,,,,
361,51.206402,51.206406,6.260052,,361,63.398399,51.206406,2.086586,,,,,,,,,
362,51.206402,51.206406,6.260052,,362,41.147999,51.206406,5.788898,,,,,,,,,
363,75.590401,51.206406,3.99915,,363,69.4944,51.206406,6.254215,,,,,,,,,
364,22.860001,69.4944,5.774783,,364,35.052002,69.4944,2.234221,,,,,,,,,
365,75.590401,69.4944,3.329384,,365,81.686401,75.587921,5.691482,,,,,,,,,
366,75.590401,69.4944,3.329384,,366,63.398399,75.587921,6.049379,,,,,,,,,
367,75.590401,69.4944,3.329384,,367,75.590401,69.4944,3.329384,,,,,,,,,
368,69.4944,69.4944,1.781112,,368,63.398399,63.398399,6.342468,,,,,,,,,
369,69.4944,69.4944,1.781112,,369,63.398399,69.4944,5.102871,,,,,,,,,
370,93.878403,69.4944,5.971172,,370,81.686401,63.398399,4.785599,,,,,,,,,
371,93.878403,69.4944,5.971172,,371,81.686401,69.4944,6.164639,,,,,,,,,
372,57.302399,69.4944,4.314365,,372,63.398399,75.587921,6.049379,,,,,,,,,
373,57.302399,69.4944,4.314365,,373,51.206402,57.302399,4.68554,,,,,,,,,
374,57.302399,69.4944,4.314365,,374,51.206402,69.4944,5.537481,,,,,,,,,
375,41.147999,69.4944,5.864267,,375,28.955999,63.398399,2.117554,,,,,,,,,
376,41.147999,69.4944,5.864267,,376,28.955999,69.4944,2.583287,,,,,,,,,
377,41.147999,69.4944,5.864267,,377,47.243999,69.4944,5.802458,,,,,,,,,
378,28.955999,69.4944,2.583287,,378,28.955999,57.302399,2.712006,,,,,,,,,
379,28.955999,69.4944,2.583287,,379,22.860001,63.398399,6.381164,,,,,,,,,
380,81.686401,69.4944,6.164639,,380,87.782402,63.398399,5.197413,,,,,,,,,
381,47.243999,69.4944,5.802458,,381,41.147999,63.398399,6.366922,,,,,,,,,
382,16.764,69.4944,5.859043,,382,22.860001,75.587921,6.715372,,,,,,,,,
383,16.764,69.4944,5.859043,,383,4.574478,69.4944,5.917964,,,,,,,,,
384,87.782402,69.4944,6.095602,,384,87.782402,75.587921,6.558706,,,,,,,,,
385,87.782402,69.4944,6.095602,,385,87.782402,57.302399,6.214018,,,,,,,,,
386,87.782402,69.4944,6.095602,,386,81.686401,69.4944,6.164639,,,,,,,,,
387,63.398399,69.4944,5.102871,,387,63.398399,63.398399,6.342468,,,,,,,,,
388,10.667999,69.4944,2.381604,,388,4.574478,69.4944,5.917964,,,,,,,,,
389,10.667999,69.4944,2.381604,,389,4.574478,57.302399,6.607082,,,,,,,,,
390,10.667999,69.4944,2.381604,,390,10.667999,69.4944,2.381604,,,,,,,,,
391,35.052002,69.4944,2.234221,,391,35.052002,57.302399,6.277744,,,,,,,,,
392,35.052002,69.4944,2.234221,,392,47.243999,69.4944,5.802458,,,,,,,,,
393,51.206402,69.4944,5.537481,,393,63.398399,63.398399,6.342468,,,,,,,,,
394,51.206402,69.4944,5.537481,,394,57.302399,63.398399,5.313223,,,,,,,,,
395,51.206402,69.4944,5.537481,,395,63.398399,69.4944,5.102871,,,,,,,,,
